%YAML:1.0
---
R: !!opencv-matrix
   rows: 3
   cols: 3
   dt: d
   data: [ 9.9991276727204936e-01, 3.0887714741044733e-03,
       1.2842014527840980e-02, -3.3452154270840230e-03,
       9.9979446665176253e-01, 1.9995849225878999e-02,
       -1.2777612456907563e-02, -2.0037064238516707e-02,
       9.9971758445903236e-01 ]
T: !!opencv-matrix
   rows: 3
   cols: 1
   dt: d
   data: [ -5.8626648049897192e+01, 6.8694081324731404e-01,
       1.9303816554911066e+00 ]
R1: !!opencv-matrix
   rows: 3
   cols: 3
   dt: d
   data: [ 9.9976228982540905e-01, -7.9614163217056506e-03,
       -2.0297282902081288e-02, 8.1643668806154288e-03,
       9.9991730885973185e-01, 9.9357212194309714e-03,
       2.0216502083529490e-02, -1.0099073861697457e-02,
       9.9974461826540617e-01 ]
R2: !!opencv-matrix
   rows: 3
   cols: 3
   dt: d
   data: [ 9.9938982883603333e-01, -1.1710061629097563e-02,
       -3.2906602312100366e-02, 1.1379765416933738e-02,
       9.9988315412469408e-01, -1.0206813249432706e-02,
       3.3022279723537426e-02, 9.8261159313318708e-03,
       9.9940631201106811e-01 ]
P1: !!opencv-matrix
   rows: 3
   cols: 4
   dt: d
   data: [ 5.7849116823653355e+02, 0., 3.4557351303100586e+02, 0., 0.,
       5.7849116823653355e+02, 2.4034002113342285e+02, 0., 0., 0., 1.,
       0. ]
P2: !!opencv-matrix
   rows: 3
   cols: 4
   dt: d
   data: [ 5.7849116823653355e+02, 0., 3.4557351303100586e+02,
       -3.3935704708619203e+04, 0., 5.7849116823653355e+02,
       2.4034002113342285e+02, 0., 0., 0., 1., 0. ]
Q: !!opencv-matrix
   rows: 4
   cols: 4
   dt: d
   data: [ 1., 0., 0., -3.4557351303100586e+02, 0., 1., 0.,
       -2.4034002113342285e+02, 0., 0., 0., 5.7849116823653355e+02, 0.,
       0., 1.7046682047819822e-02, 0. ]
