%YAML:1.0
---
M1: !!opencv-matrix
   rows: 3
   cols: 3
   dt: d
   data: [ 5.7386536722439007e+02, 0., 3.1967960514237575e+02, 0.,
       7.5605926503481885e+02, 2.3995046002611949e+02, 0., 0., 1. ]
D1: !!opencv-matrix
   rows: 1
   cols: 14
   dt: d
   data: [ -9.4479709762353273e-02, 4.3726918921889019e-01, 0., 0., 0.,
       0., 0., -1.4310842114312747e+00, 0., 0., 0., 0., 0., 0. ]
M2: !!opencv-matrix
   rows: 3
   cols: 3
   dt: d
   data: [ 5.7386536722439007e+02, 0., 3.2004485820407160e+02, 0.,
       7.5605926503481885e+02, 2.4040016991873580e+02, 0., 0., 1. ]
D2: !!opencv-matrix
   rows: 1
   cols: 14
   dt: d
   data: [ -6.9281088287723336e-02, 1.6074399129678860e-01, 0., 0., 0.,
       0., 0., -8.5903333746247457e-01, 0., 0., 0., 0., 0., 0. ]
